(1,      "Bulbasaur",   1,     6.9,    0.7,  6,  1,      1,    5,  143,  null,   4,    8),
(2,      "Ivysaur",     1,     13.0,   1,    6,  2,      1,    5,  143,  null,   4,    8),
(3,      "Venusaur",    1,     100.0,  2,    6,  3,      1,    5,  143,  null,   4,    8),
(4,      "Charmander",  1,     8.5,    0.6,  3,  4,      1,    5,  20,   null,   2,    0),
(5,      "Charmeleon",  1,     19.0,   1.1,  3,  5,      1,    5,  20,   null,   2,    0),
(6,      "Charizard",   1,     90.5,   1.7,  3,  6,      1,    5,  20,   null,   2,    10),
(7,      "Squirtle",    1,     9.0,    0.5,  7,  7,      1,    5,  241,  null,   3,    0),
(8,      "Wartortle",   1,     22.5,   1,    7,  8,      1,    5,  241,  null,   3,    0),
(9,      "Blastoise",   1,     85.5,   1.6,  7,  9,      1,    5,  241,  null,   3,    0),
(10,     "Caterpie",    1,     2.9,    0.3,  6,  10,     2,    2,  197,  null,   12,   0),
(11,     "Metapod",     1,     9.9,    0.7,  6,  11,     2,    2,  194,  null,   12,   0),
(12,     "Butterfree",  1,     32.0,   1.1,  0,  12,     2,    2,  30,   null,   12,   10),
(13,     "Weedle",      1,     3.2,    0.3,  9,  13,     2,    2,  197,  null,   12,   8),
(14,     "Kakuna",      1,     10.0,   0.6,  5,  14,     2,    2,  194,  null,   12,   8),
(15,     "Beedrill",    1,     29.5,   1,29, 5,  15,     2,    2,  229,  null,   12,   8),
(16,     "Pidgey",      1,     1.8,    0.3,  9,  16,     2,    2,  106,  234,    1,    10),
(17,     "Pidgeotto",   1,     30.0,   1.1,  9,  17,     2,    3,  106,  234,    1,    10),
(18,     "Pidgeot",     1,     39.5,   1.5,  9,  18,     2,    4,  106,  234,    1,    10),
(19,     "Rattata",     1,     3.5,    0.3,  8,  19,     2,    2,  181,  79,     1,    0),
(20,     "Raticate",    1,     18.5,   0.7,  9,  20,     2,    2,  181,  79,     1,    0),
(21,     "Spearow",     1,     2.0,    0.3,  9,  21,     2,    3,  106,  null,   1,    10),
(22,     "Fearow",      1,     38.0,   1.2,  9,  22,     2,    3,  106,  null,   1,    10),
(23,     "Ekans",       1,     6.9,    2,6,  8,  23,     2,    3,  101,  194,    8,    0),
(24,     "Arbok",       1,     65.0,   3.5,  8,  24,     2,    3,  101,  194,    8,    0),
(152,    "Chikorita",   2,     6.4,    0.9,  6,  152,    1,    5,  143,  null,   4,    0),
(153,    "Bayleef",     2,     15.8,   1.2,  6,  153,    1,    5,  143,  null,   4,    0),
(154,    "Meganium",    2,     100.5,  1.8,  6,  154,    1,    5,  143,  null,   4,    0),
(155,    "Cyndaquil",   2,     7.9,    0.5,  5,  155,    1,    5,  20,   null,   2,    0),
(156,    "Quilava",     2,     19.0,   0.9,  5,  156,    1,    5,  20,   null,   2,    0),
(157,    "Typhlosion",  2,     79.5,   1.7,  5,  157,    1,    5,  20,   null,   2,    0),
(158,    "Totodile",    2,     9.5,    0.6,  7,  158,    1,    5,  241,  null,   3,    0),
(159,    "Croconaw",    2,     25.0,   1.1,  7,  159,    1,    5,  241,  null,   3,    0),
(160,    "Feraligatr",  2,     88.8,   2.3,  7,  160,    1,    5,  241,  null,   3,    0),
(161,    "Sentret",     2,     6.0,    0.8,  9,  161,    2,    2,  181,  106,    1,    0),
(162,    "Furret",      2,     32.5,   1.8,  9,  162,    2,    2,  181,  106,    1,    0),
(163,    "Hoothoot",    2,     21.2,   0.7,  9,  163,    2,    2,  100,  106,    1,    10),
(164,    "Noctowl",     2,     40.8,   1.6,  9,  164,    2,    2,  100,  106,    1,    10),
(165,    "Ledyba",      2,     10.8,   1,    3,  165,    2,    2,  229,  52,     12,   10),
(166,    "Ledian",      2,     35.6,   1.4,  3,  166,    2,    4,  229,  52,     12,   10),
(167,    "Spinarak",    2,     8.5,    0.5,  6,  167,    2,    2,  229,  100,    12,   8),
(168,    "Ariados",     2,     33.5,   1.1,  3,  168,    2,    3,  229,  100,    12,   8),
(252,    "Treecko",     3,     5.0,    0.5,  6,  252,    1,    5,  143,  null,   4,    0),
(253,    "Grovyle",     3,     21.6,   0.9,  6,  253,    1,    5,  143,  null,   4,    0),
(254,    "Sceptile",    3,     52.2,   1.7,  6,  254,    1,    5,  143,  null,   4,    0),
(255,    "Torchic",     3,     2.5,    0.4,  3,  255,    1,    5,  20,   null,   2,    0),
(256,    "Combusken",   3,     19.5,   0.9,  3,  256,    1,    5,  20,   null,   2,    7),
(257,    "Blaziken",    3,     52.0,   1.9,  3,  257,    1,    5,  20,   null,   2,    7),
(258,    "Mudkip",      3,     7.6,    0.4,  7,  258,    1,    5,  241,  null,   3,    0),
(259,    "Marshtomp",   3,     28.0,   0.7,  7,  259,    1,    5,  241,  null,   3,    9),
(260,    "Swampert",    3,     81.9,   1.5,  7,  260,    1,    5,  241,  null,   3,    9),
(261,    "Poochyena",   3,     13.6,   0.5,  1,  261,    2,    3,  181,  169,    16,   0),
(262,    "Mightyena",   3,     37.0,   1,    1,  262,    4,    3,  101,  169,    16,   0),
(263,    "Zigzagoon",   3,     17.5,   0.4,  9,  263,    2,    2,  149,  72,     1,    0),
(264,    "Linoone",     3,     32.5,   0.5,  0,  264,    2,    2,  149,  72,     1,    0),
(265,    "Wurmple",     3,     3.6,    0.3,  3,  265,    2,    2,  197,  null,   12,   0),
(266,    "Silcoon",     3,     10.0,   0.6,  0,  266,    2,    2,  194,  null,   12,   0),
(267,    "Beautifly",   3,     28.4,   1,2,  5,  267,    2,    4,  229,  null,   12,   10),
(268,    "Cascoon",     3,     11.5,   0.7,  8,  268,    2,    2,  194,  null,   12,   0),
(269,    "Dustox",      3,     31.6,   1.2,  6,  269,    2,    4,  197,  null,   12,   8),
(387,    "Turtwig",     4,     10.2,   0.4,  6,  387,    1,    5,  143,  null,   4,    0),
(388,    "Grotle",      4,     97.0,   1.1,  6,  388,    1,    5,  143,  null,   4,    0),
(389,    "Torterra",    4,     310.0,  2.2,  6,  389,    1,    5,  143,  null,   4,    9),
(390,    "Chimchar",    4,     6.2,    0.5,  9,  390,    1,    5,  20,   null,   2,    0),
(391,    "Monferno",    4,     22.0,   0.9,  9,  391,    1,    5,  20,   null,   2,    7),
(392,    "Infernape",   4,     55.0,   1.2,  9,  392,    1,    5,  20,   null,   2,    7),
(393,    "Piplup",      4,     5.2,    0.4,  7,  393,    1,    5,  241,  null,   3,    0),
(394,    "Prinplup",    4,     23.0,   0.8,  7,  394,    1,    5,  241,  null,   3,    0),
(395,    "Empoleon",    4,     84.5,   1.7,  7,  395,    1,    5,  241,  null,   3,    17),
(396,    "Starly",      4,     2.0,    0.3,  9,  396,    2,    1,  106,  null,   1,    10),
(397,    "Staravia",    4,     15.5,   0.6,  9,  397,    2,    1,  101,  null,   1,    10),
(398,    "Staraptor",   4,     24.9,   1.2,  9,  398,    2,    3,  101,  null,   1,    10),
(399,    "Bidoof",      4,     20.0,   0.5,  9,  399,    2,    2,  199,  249,    1,    0),
(400,    "Bibarel",     4,     31.5,   1,3,  9,  400,    2,    2,  199,  249,    1,    3),
(401,    "Kricketot",   4,     2.2,    0.3,  3,  401,    2,    2,  194,  null    12,   0),
(402,    "Kricketune",  4,     25.5,   1,    3,  402,    2,    2,  229,  null,   12,   0),
(403,    "Shinx",       4,     9.5,    0.5,  7,  403,    2,    2,  177,  101,    5,    0),
(404,    "Luxio",       4,     30.5,   0.9,  7,  404,    2,    2,  177,  101,    5,    0),
(405,    "Luxray",      4,     42.0,   1.4,  7,  405,    2,    3,  177,  101,    5,    0);